1.318749292210590895e-01
1.118073784783178981e-01
1.119882836794651726e-01
1.143442060750754774e-01
1.828034496547047694e-01
2.219917284167778615e-01
2.136875927659092900e-01
1.259569827718226565e-01
4.865457348572461288e-02
4.832322949503998349e-02
6.334792184490578570e-02
1.074152861879429655e-01
1.557703504370927527e-01
1.084413559104916436e-01
4.624115779891704858e-02
1.136230957454544555e-01
9.774581323556005841e-02
8.306352929897371784e-02
1.107936414064634861e-01
1.220415689929012504e-01
1.545683244938927114e-01
1.524966699854320151e-01
7.186120992009983888e-02
1.387595935132719394e-01
2.077908396151587067e-01
6.133700774511416376e-02
1.666070096417368585e-01
2.796529801768649071e-01
1.280392795793901251e-01
9.570230683410339834e-02
1.777239039466013137e-01
1.000505324693892473e-01
2.523712608871128693e-01
3.354308791896837283e-01
9.166937742056879834e-02
2.293515900257692974e-01
2.022258285144067913e-01
2.100169673672098725e-01
4.196864502728993029e-01
1.360690193871310072e-01
3.029456890227419374e-01
2.186245936320569960e-01
3.880267344069152080e-01
5.524645513595752844e-01
2.732360789087132646e-01
8.674167685221818580e-01
1.497340609182203075e-01
1.361564729801926443e+00
1.829444025205089197e-01
4.411392349364689380e+00
6.850454569285199469e+00
4.295243486605639482e+00
5.217716833496544721e-02
1.566857867286065131e+00
1.998154025901467401e-01
9.306948577922685706e-01
3.935728948076580025e-01
4.433363924086359820e-01
3.420476642522038424e-01
3.083811788002218113e-01
4.438069539379757567e-01
7.835994504692031862e-03
3.276272299021855683e-01
7.720570277262839287e-02
2.845979747816128058e-01
2.624169097418776464e-01
5.583812368538743076e-02
2.559889614986168294e-01
9.223869016065799897e-02
2.182226806629826432e-01
3.204326000867472879e-01
1.348016055556017223e-01
1.314281574108232820e-01
2.215375842904039050e-01
1.395524350838459049e-01
9.612595102654122869e-03
1.269761097874248235e-01
1.609766172143589358e-01
7.700404904493424185e-02
1.050768766865316506e-01
2.151851306718043366e-01
2.291015392437592002e-01
8.933110003897362650e-02
8.826498519222646111e-02
1.127023739866292451e-01
5.225253785423723818e-02
8.833388014556284307e-02
1.017478870291928933e-01
5.041812362805244557e-02
1.204111505956005912e-01
1.134711775594549887e-01
4.098927827152216118e-03
7.767539858973562805e-02
1.217664200698538590e-01
2.202719561627800859e-01
2.815663386543709734e-01
1.960150729277981563e-01
6.709487699589856968e-02
2.827068882799903954e-02
1.810170484665910712e-02
1.482870991273128186e-02
1.002646351037142641e-01
1.621402601418897027e-01
1.337310134410574780e-01
1.037954262223593771e-01
9.681408531050862687e-02
1.798534241293975044e-01
1.854182639764903329e-01
1.704615896231600758e-01
1.250215083640832947e-01
7.700112027163112660e-02
6.273965060734101873e-02
3.625601571725805411e-02
3.439368605151103819e-02
5.836807253529172762e-02
8.746080698719388424e-02
3.387459604769742227e-02
8.383835208954054652e-02
1.286086756969802014e-01
1.284182269600101511e-01
1.383445552762091191e-01
6.253479048093982251e-02
1.075061451477066637e-01
2.025271701229839627e-01
1.978816835304429422e-01
1.496993386826470374e-01
1.393261332153567511e-01
1.615985224538520337e-01
